MD5 Deduplication (Exact Matches):
1
2
3
4
5
6
7
8
9
10
11
12
13
14
15
16 41 299 356 745
17
18
19
20 266 972
21
22 707
23
24
25
26
27
28
29
30
31
32
33
34
35
36
37
38
39
40 177 232 481 841 921 946
42 510 601 726
43
44
45
46
47
48
49
50
51
52
53
54
55
56 89 281
57
58
59 345 497 627
60 729
61
62
63 276
64
65
66
67
68
69
70
71
72
73
74 270
75
76
77 87 176 595 617
78 495
79
80
81
82 965
83
84
85
86
88
90
91
92
93 544 728 832
94
95
96
97
98
99
100
101
102
103
104
105
106
107
108
109
110
111
112
113
114
115
116 325 538 676 742
117
118
119
120
121
122
123
124
125
126
127
128
129
130
131
132
133
134
135
136
137
138
139
140
141
142
143
144 174 336 383 588 730 741
145
146
147
148
149
150
151
152
153
154
155
156 282 395 731 819 976
157
158
159
160
161
162
163
164
165
166
167
168
169
170 468
171 222
172
173
175
178 415
179
180
181
182
183
184 706
185
186 773
187 535 548
188
189
190
191
192
193 974
194
195
196 208
197
198
199
200
201
202
203
204
205
206
207
209
210
211
212
213
214
215
216
217
218
219
220
221
223
224
225
226
227
228
229
230
231
233
234
235
236
237
238
239
240
241
242
243
244
245
246
247
248
249
250
251
252 349 603 760
253
254
255 398 411
256
257
258
259
260
261
262
263
264
265
267
268
269
271
272
273
274
275
277
278
279
280
283
284
285
286
287
288
289
290
291
292
293
294
295
296
297 317 375 511 530 821 871 893
298
300 414 624 983
301
302
303
304
305
306
307
308
309 405 738
310
311
312
313
314
315
316
318
319
320
321
322
323 488
324
326
327
328
329
330
331 489 857
332
333 565 827 856
334
335
337
338
339
340
341
342
343
344
346
347
348
350
351
352
353
354
355
357
358
359
360
361
362
363
364
365
366
367
368
369
370
371
372
373
374
376
377
378
379
380
381
382
384
385
386
387
388
389
390
391
392
393
394
396
397
399
400
401
402
403
404
406
407 836
408
409
410
412
413
416
417
418
419
420
421
422
423
424
425
426
427
428
429
430
431
432
433
434
435
436
437
438
439
440
441
442
443
444
445
446
447
448
449
450
451
452
453 792
454
455
456
457
458
459
460
461
462
463
464
465
466
467
469
470
471
472
473
474
475
476
477
478
479
480
482
483
484
485
486
487
490
491
492
493
494
496
498
499
500
501
502
503
504
505
506
507
508
509
512
513
514
515
516
517
518
519
520
521
522
523
524
525
526
527
528
529
531
532
533
534
536
537
539
540
541
542 761
543
545
546
547
549
550
551
552
553
554
555
556
557
558
559
560
561
562
563
564
566
567
568 903
569
570
571
572
573
574
575
576
577
578
579
580
581
582
583
584
585
586
587
589
590
591
592
593
594
596
597
598
599
600
602
604
605
606
607
608
609
610
611
612
613
614
615
616
618
619
620
621
622
623
625
626
628
629
630
631 653
632
633
634
635
636
637
638
639
640
641
642
643
644
645
646
647
648
649
650
651
652
654
655
656
657
658 879
659
660
661
662
663
664
665
666
667
668
669
670
671
672
673
674
675
677
678
679
680
681
682
683
684
685
686
687
688
689
690
691
692
693
694
695
696
697
698
699
700
701
702
703
704
705
708
709
710
711
712
713
714
715
716
717
718
719
720
721
722
723
724
725
727
732
733
734
735
736
737
739
740
743
744
746
747
748
749
750
751
752
753
754
755
756
757
758
759
762
763
764
765
766
767
768
769
770
771
772
774
775
776
777
778 790
779
780
781
782
783
784
785
786
787
788
789
791
793
794
795
796
797
798
799
800
801
802
803
804
805
806
807
808
809
810
811
812
813
814
815
816
817
818
820
822
823
824
825
826 996
828
829
830
831
833
834
835
837
838
839
840
842
843
844
845
846
847
848
849
850
851
852
853
854
855
858
859
860
861
862
863
864
865
866
867
868
869
870
872
873
874
875
876
877
878
880
881
882
883
884
885
886
887
888
889
890
891
892
894
895
896
897
898
899
900
901
902
904
905
906
907
908
909
910
911
912
913
914
915
916
917
918
919
920
922
923
924
925
926
927
928
929
930
931
932
933
934
935
936
937
938
939
940
941
942
943
944
945
947
948
949
950
951
952
953
954
955
956
957
958
959
960
961
962
963
964
966
967
968
969
970
971
973
975
977
978
979
980
981
982
984
985
986
987
988
989
990
991
992
993
994
995
997
998
999
1000
