1
2
3
4
5 52 346 362 381 557 675 936
6 107 286 318 368 380 451 477 600 664
7
8
9 113 287 413 566 625 722 851 990
10 123 132 148 164 166 577 607 727 781 966
11 235 262 439 485 520 543 864
12 129 161 203 211 365 482 632 683 831 867
13 68 95 204 207 225 367 505 552 651 744
14
15
16
17 79 131 149 273 491 619 928
18 555 609
19
20 70 120 581 740
21
22
23 75 153 197 227 456 516 563 771 840 1000
24
25
26 584
27
28
29
30 308 350 444 654 798 913
31 48 865 919 932
32
33 521
34 45 157 361 660 815 939
35 470 938
36
37
38
39
40
42
43
44
46
47
49
50
51
53
54
55 546 576
56 114
57
58
59
60 224 655 817
61 192 344 537 642 912
62
63
64 228 519 720 925
65 215 881
66
67
69
71
72 163
73
74
76
77
78
80
81
82
83
84 711
85
86
88 303 339 630
90
91
92
93
94
96 343 370 449 478 515 591 716 900 930 951
97
98
99
100
101
102 172 258 500 644 665 688 799 961
103
104
105
106
108 165 244 433
109 351 446 450 508 735 845 979
110
111
112
115
116
117
118
119
121
122
124
125
126 238 466 681 823
127
128
130 673
133
134 210 314 391 579 671 704
135
136
137 354 587
138
139
140
141
142 175 264 423 476 517 672 723 810
143
144
145
146
147
150
151
152
154 277 725 830 904
155
156
158
159
160 376 690 751 822
162
167
168 294 507 870
169
170
171
173 363 455 663
178
179
180
181 412 733 784 984
182
183 292 553 667 772
184
185
186
187
188 545 628 710
189 782
190 571
191
193
194 855
195
196
198
199
200
201
202 574 687 941
205
206 699 767 829
209 283 335 533 564
212
213
214
216
217 620 697
218
219 296 593 608 975
220
221 301 709 852 968
223
226
229
230
231
233 916
234 787
236
237
239
240
241
242
243
245
246
247
248 261
249 254 418 794 995
250
251 641 803
252
253
255
256
257 410 443 575 887 933
259
260
263
265
267
268
269
271 825
272
274
275
278
279
280
284
285
288
289
290 313 387 397 492 719 926
291
293
295 431 682 764 897
297
298
300
302
304 358 424 454 556 937
305 987
306
307
309
310
311
312
315
316 562 570 614 703 833 929
319
320
321
322 404 501 898
323
324
326
327
328
329
330
331 670
332
333
334 646 905 945
337 428 808 875 878 935 991
338
340
341
342
347
348
352
353
355 605 777
357
359
360
364
366
369
371
372
373 437 569 578
374
377
378
379
382
384
385
386
388 873 874 920
389
390
392
393
394
396
399
400
401
402
403
406
407
408
409
416
417
419
420
421 430 452 503 747 811
422
425
426
427
429
432
434
435
436
438
440
441
442
445 775
447
448
453
457
458
459 696
460
461
462
463
464
465 889
467
469
471
472
473
474
475
479
480
483
484
486
487
490
493
494
496
498
499
502
504
506
509
512
513
514
518
522
523
524
525
526
527
528
529
531
532
534
536
539
540 956
541
542
547
549
550
551
554 942
558
559
560
561
567
568
572
573
580
582
583
585
586
589
590
592
594
596
597
598
599
602
604
606
610
611
612
613
615
616
618 680 750 805 980
621
622
623
626
629
631
633
634
635
636
637
638
639
640 674
643
645
647
648
649
650
652
656 842
657
658
659
661 713 846
662
666
668
669
677
678
679
684
685
686
689
691
692
693
694
695
698
700 774
701
702
705
708
712
714
715
717
718
721
724
732
734
736
737
739
743
746
748
749
752
753
754
755
756
757
758
759
762
763
765
766
768
769
770
776
778
779
780
783
785
786
788
789
791
793
795
796
797
800
801
802
804
806
807
809
812
813
814
816
818
820
824
826
828
834
835
837
838
839
843
844
847
848
849
850
853
854
858
859
860
861
862
863
866 944
868
869
872
876
877
880
882
883
884
885
886
888
890
891
892
894
895
896
899
901
902
906
907
908
909
910
911
914
915
917
918
922
923
924
927
931
934
940
943
947
948
949
950
952
953
954
955
957
958
959
960
962
963
964
967
969
970
971
973
977
978
981
982
985
986
988
989
992
993
994
997
998
999
41
87
89
174
176
177
208
222
232
266
270
276
281
282
299
317
325
336
345
349
356
375
383
395
398
405
411
414
415
468
481
488
489
495
497
510
511
530
535
538
544
548
565
588
595
601
603
617
624
627
653
676
706
707
726
728
729
730
731
738
741
742
745
760
761
773
790
792
819
821
827
832
836
841
856
857
871
879
893
903
921
946
965
972
974
976
983
996
