1 550 810 1844 6483 7139 7225 9349 9446
2 1240 1277
3
4 2281 3580 3709 4124 5285 8198 8344 9975
5 3191 3212 5765
6
7 2683
8 37 38 40 64 100 138 148 194 241 269 272 328 357 358 404 435 442 451 498 517 540 561 565 626 704 705 730 754 765 798 807 813 916 963 999 1000 1034 1051 1062 1070 1086 1087 1091 1109 1122 1124 1127 1132 1138 1162 1164 1216 1243 1244 1328 1364 1444 1520 1529 1574 1643 1652 1697 1709 1713 1732 1741 1776 1822 1838 1850 1865 1901 1934 1943 1945 1972 1986 2002 2011 2053 2072 2103 2119 2123 2169 2232 2286 2289 2330 2339 2346 2347 2368 2373 2375 2468 2471 2474 2499 2516 2531 2581 2597 2631 2639 2658 2678 2709 2807 2862 2881 2891 2949 2975 2976 2987 2998 3006 3021 3050 3056 3058 3103 3108 3192 3209 3219 3241 3247 3314 3338 3384 3403 3409 3415 3431 3468 3510 3526 3549 3585 3650 3779 3793 3795 3858 3863 3864 3894 3934 3943 3949 3966 4020 4023 4051 4061 4066 4071 4083 4108 4116 4122 4154 4197 4207 4236 4261 4334 4342 4448 4472 4478 4506 4529 4543 4559 4641 4673 4690 4692 4739 4819 4822 4887 4928 4945 5010 5013 5025 5077 5097 5113 5121 5126 5201 5253 5255 5308 5334 5374 5383 5400 5411 5427 5445 5450 5468 5507 5513 5543 5547 5566 5596 5604 5623 5627 5649 5671 5726 5739 5740 5741 5760 5797 5833 5846 5864 5885 5897 6006 6019 6053 6058 6095 6133 6139 6182 6277 6295 6341 6360 6388 6389 6426 6439 6454 6457 6471 6594 6638 6689 6690 6708 6725 6822 6836 6864 6911 6936 6945 6955 7003 7008 7015 7086 7106 7147 7151 7171 7186 7202 7279 7299 7318 7325 7358 7384 7395 7397 7447 7473 7494 7497 7502 7536 7552 7598 7649 7652 7690 7697 7708 7759 7798 7843 7901 7943 7958 7983 8014 8017 8039 8056 8087 8108 8109 8111 8125 8134 8144 8154 8172 8215 8221 8277 8332 8379 8395 8455 8522 8529 8554 8581 8683 8712 8758 8762 8765 8767 8815 8816 8827 8894 8948 8951 8998 9000 9029 9041 9104 9114 9122 9163 9164 9187 9193 9194 9219 9230 9231 9232 9250 9375 9381 9398 9468 9482 9576 9613 9615 9627 9645 9678 9688 9716 9733 9787 9788 9806 9847 9896 9908 9918 9928 9939 9983 9994 9999
9
10 43 165 265 1131 1485 1511 1961 2522 2877 3070 3413 3838 3917 3939 4347 4691 5129 5409 5512 5557 6340 6412 7246 7360 7765 8101 9260 9268 9403 9428 9828 9882
11
12
13
14 869 3390 3629 4248 6036 6068
15 9216
16
17
18 1704 2206 2851 4279 6758 6839 7131 7539 9009 9810
19 7377
20
21 2827 8709
22
23 3188
24 4837 8486
25 126 137 143 205 326 343 426 428 465 506 627 651 687 722 755 820 822 848 863 1037 1112 1166 1208 1402 1461 1525 1553 1684 1731 1842 1853 1877 2091 2285 2452 2727 2757 2790 2836 2897 3076 3079 3111 3184 3197 3308 3646 3669 3810 3846 3876 3996 4004 4017 4084 4163 4171 4198 4414 4454 4625 4634 4783 4785 4814 4830 4917 4970 5019 5127 5132 5146 5189 5209 5278 5305 5348 5403 5448 5496 5538 5590 5607 5762 5802 6038 6172 6474 6521 6744 6823 6984 7196 7554 7634 7636 7722 7757 7794 7903 7971 8273 8311 8338 8366 8381 8386 8500 8524 8573 8643 8756 8775 8843 8914 8936 8963 8975 9107 9284 9391 9393 9409 9502 9505 9521 9563 9610 9741 9964 9993
26
27
28 1303 2754 4789 5471 6289 8734
29 2369 7766 9205
30 1867 2101 3168 3626 4242 8353
31
32
33
34 1346 5753 9974
35 1523 5440
36 136 141 212 419 467 646 905 934 990 998 1081 1101 1116 1348 1492 1645 1793 1831 1907 1933 1950 2223 2310 2357 2433 2676 2875 2966 3026 3187 3417 3418 3453 3701 3728 4056 4129 4284 4426 4437 4772 4836 4870 4956 5016 5191 5241 5316 5329 5565 5572 5593 5638 5966 6077 6200 6208 6488 6815 6827 6889 7009 7055 7143 7257 7282 7283 7289 7351 7558 7846 7936 8269 8329 8409 8567 8637 8983 8989 9045 9096 9244 9387 9484 9580 9849 9891 9946
39
41 379 895 1594 3898 5265 5588 9914
42
44 1290 5524 6266
45
46 301 837 7443 8247 9802
47 3827 7632 8407 9267
48 385 2931 4929 6283 6888
49 2870 3414
50 889 2462 2497 8663
51 771 1075 1612 2050 2344 2407 2804 3432 3644 3814 3867 4142 4177 4436 4617 5214 5470 5947 5968 5991 7726 8259
52 694 3451
53 4331 5712 5992 6130
54 5962
55
56
57 120 134 284 407 491 556 564 685 710 972 1093 1104 1211 1220 1609 1623 1633 1897 1959 2045 2141 2150 2510 2667 2697 2809 2999 3351 3374 3435 3587 3911 4477 4575 4599 4622 4757 4792 4829 5212 5345 5385 5418 5844 5913 5953 6041 6195 6320 6402 6448 6963 7049 7100 7250 7337 7340 7499 7604 7623 7832 8071 8075 8149 8334 8422 8447 8836 8933 8942 9100 9189 9249 9252 9314 9353 9411 9677 9911 9933
58
59
60 483 2706 3866 4762 6455 6547 6845
61 743 778 3471 6251
62
63
65 1556
66
67 71 202 464 569 772 847 857 882 1019 1115 1148 1238 1282 1322 1411 1459 1506 1567 1577 1586 1587 1615 1825 1845 1862 1979 2087 2107 2278 2287 2457 2519 2528 2559 2588 2595 2700 2797 2855 2941 3044 3099 3122 3217 3225 3268 3347 3358 3387 3389 3394 3438 3466 3477 3552 3562 3595 3673 3678 3744 4034 4075 4158 4212 4339 4393 4424 4592 4704 4765 4809 4894 4897 4995 5216 5219 5224 5268 5288 5341 5388 5452 5499 5574 5673 5884 5985 6012 6114 6210 6237 6282 6380 6456 6479 6595 6826 6899 6983 7040 7064 7440 7746 7776 7782 7817 7860 7951 8004 8099 8223 8594 8620 8690 8691 8694 8842 8962 8996 9033 9299 9310 9346 9367 9449 9533 9573 9597 9667 9753 9795 9799 9864 9934 9982
68 3702 5782
69 235 466 495 1205 2391 2775 2968 4901 4984 6335 7445 8461 9368 9906
70
72 2763 4994 5110 5810 7164
73
74
75
76 8555 8579 9132 9206
77 452 949 1299 2242 2910 2950 3237 4886 7550 9111
78
79 684 982
80 1766 2227 2389 3631 4965 5001 5770 6134 7483 7921 8330
81 1857
82
83
84 3494 3988
85 2523 2996 5372 8049 9842
86 3033
87
88 3385 4187 7159 7232 8514 8776
89
90
91
92 1049 9595 9602 9705
93 2273 2490 7565 7585 7680 7752 7978 8007 8677 8874 9326
94
95
96
97
98
99 1358 6893
101 209 1332 1410 3291 3369 3467 4324 6100 6497 6686 7485 8370
102 264 3323 7104
103
104
105
106 1560 2619 2845 4649
107
108
109 595 751 1423 1779 3899 5117 8844
110
111
112 1323 2514 4766
113
114 371 3286 3634 4519 6116 6136 6656 7370 7909 8345 8405 8584 8626 9632
116 436 1896 4005 5473 5974 6246 6640 8129 8773 9192 9242 9674
117 679 1182 3681 4363 5044 5306 7687
118
119
121 1020 1665 2504 4323 5154 5641 7733 8420 9534
122
123
124 623 6947
125
127
128
129
130 4413
131
132
133 4724 9321
135 321 2160 6489 7914 8073 8190 9197
139
140 6924
142 2802 4415 4720 8074 9291
144
145 3365 5793
146
147
149 700 3888 3937 4450 5247 5276 5738 6326 9710 9921
150
151
152
153
154
155 2005 5140 9146
156 1352 2651 4145 7053 8028
157
158
159
160
161 3018 6695 6710 7193 9322
162 3244 4560
163 6713
164
166
167
168 3882
169 4925 9119 9755
170 220 259 441 740 1028 1452 1676 1810 2292 2383 2390 2455 2500 3233 3342 3381 3675 3774 3868 3910 4464 4600 4990 5094 5292 6097 7014 7237 7460 7673 8128 8511 8865 8938 9143 9356 9575
171
172
173 1984
174 2472 3895 5733 8992
175
176
177 421 638 1836 1983 2448
178
180
181 3550 5542 9926
182
183 1622 8063 8261 8436 8468
184 245 570 1395 2882 5420
185
186
187
188
189 865 3961 4966
190 1027 1861 2312 2364 2579 3008 4157 7883 7963
191
192
193
195
196
197
198 1209 1728 2293 6630 7841 8845 9833
199
200 604 1227 4402 6342
201
203
204 7931
206 2488 3012 7429
207
208 6949
210 577 2254 3769 4567 5688 8913
211
213
214
215
216
217
218 1392
219
221
222 1876 5856 5996 6444
223 601 6506
224
225 330 2924 3815 5012 5683 6275 6709 6997 8162 8213 9392
226
227
228
229 253 395 431 559 845 1451 1708 1921 1968 2104 2249 2351 2540 2623 2629 2726 3087 3473 3528 3539 3618 3839 3856 4201 4439 4593 4867 4950 4960 5231 5458 5583 5624 5637 5723 5850 6066 6215 6299 7060 7188 7285 7288 7352 7406 7947 8487 8616 8644 8745 8772 8793 8835 8856 9014 9060 9101 9763 9775 9877 9927 9971
230 728 4389 7265 8611 8678 9050 9089 9127
231
232
233
234 2081 2198 3204 4861 6435 8997 9617 9917
236
237 3923 6551
238
239
240
242 250 268 1963 3892 4590
243
244
246
247
248
249 374 622 938 1253 1476 1495 2026 2571 3457 3470 4218 4226 5444 5819 5847 5957 6132 6396 6835 6991 7249 8537 8889 9218 9588
251 458 2299 4577 5135
252
254
255
256
257 9549
258 5787
260 312 4815 5595
261 992
262
263 711 2211 2509 3557 6890
266
267 3352 4252 5710 8823 8917
270
271
273
274 1795 3373 3687 3809 3969 4112
275
276
277
278
279 1788 2237 7155 8227
280 5347
281 5199 5262 8803 9732
282 485 1922 2562 4760
283
285 1871
286 1186 6020
287 1005 2434 2640 4250 4642 5525 6179
288
289 1044 2075 9715
290 1245 2892 3684 4942 7993 8801
291
292
293 3883 6796
294
295
296
297 5161 5837 6915
298
299 3138 4791
300
302 9571
303
304
305 3724
306 5413
307 1474 5051 6007 9384
308
309
310
311
313 523 3803 5978 6863 8686 9133 9672 9708
314 4967 6515 7218
315
316
317
318
319 689 2831 3196 4963 6623 7263 8559 8921
320
322
323
324
325
329 1837
331 2133 3542 5190 6157 8057
332 2109 2250 2671 2844 2901 3458 3723 4055 4106 4871 5367 5506 5734 6886 7082 7432 7441 7774 8122 8351 8645 9151 9423 9998
333
334 9180
335 994 1331 1342 1801 2135 2318 3213 6658 6850 6894 7270 8152 8299 9160 9168 9717
336 1345
337
338 3118 7504 7541 8012
339
340
341 1200 1254 1507 1965 3223 3741 3855 5134 5757 5815 5906 6217 6243 6731 8137 9495
342 1849 5142 5447 5558 6460 6648 9448 9702
344
345 9684 9876
346
347
348
349
350 1445 5406 6682
351 8320
352 658 1558 1772 2677 5202 7916 8255 9264
353 1271 2058 8629 9402 9637
354 2932 5173 6315 7357
355 2964 4174 4496 5031 5775
356 6718
359
360
361 1249 2291 3670 3752 4148 4677 5118 7756 7811 9169
362
363
364
365
366
367 5407 6177
368 447 1830 1873 3808 6563 7716 8940 9183
369
370
373 937 1687 2173 2356 5539 6600 8163 9539 9608 9758 9878
375 1256
376
377
378
380
381
382
383
384 8877
386 1399 7530 8239 8624
387 5666 7741
388
389 2912 5551
390
391 3663 4940 6226 8569 9700
392 1453 1781 2402 3238 4408 5137 6374 6741 6751 7457 8618
393
394 512 1473 2122 2202 2416 2447 2753 3285 3786 4443 4536 4542 4993 5114 5296 5553 5562 5725 6221 6304 6381 6562 7252 7272 7700 7904 8193 8312 9074 9546 9586 9824
396
397 615 3350
398
399
400
401
402
403
405
406
408 1269 1356 2222 2400 2837 3896 4763 6317 6970 7522 7819 9600 9661
409 5813
410
411
412 3831
413
414
415
416
417
418
420 438 2947 4442 8024
422
423
424
425
427 9638
429
430 715 3940 6278 8660
432
433 588 984 2361 3507 4327 7118 7266 8385 8832
434 1874 1987 2367 3328 3761 3799 3976 3992 4531 5136 5166 6027 6375 6724 7052 7103 7391 7465 7755 8248 9416
440
443 920 2079 2883 5592 6740 6799 8945 9308
444
445
446
448
449
450
453
455 4619
456 3548 6228 9108
457
459
460
461
462 1544 1685 2838 3977 7184 8383 8389 9276
463
468
469
470
471
472
473 4216 4264 4742 5554 5899
474
475 1569
476 1719 5828 6361
477
478 656 6386 7869
479 4150 7417 7435 8088 8967 9562
480
481
482 1178 1782 2170 3749 3781 5937 6286 6350 6980 7200 7646
484
486
487
488 1344 1434 1531 1555 1597 2284 2889 3583 6558 7568 8656 8957
489
490
492 9519
493 613 2927 3995 5026 8531
494
496
497 6620 8561
499
500
501
502 877 1446 1660 1893 2152 2599 4825 5074 5404 5877 7372 8053
503 797 1579 2051 2543
504 5165 5634 6556 8670 8955
505
507
508
509
510 3502 3564
511
513
514 1855 9185
515 2267 2376 2993 3488 4249 4957 5057 8242 9287
516
518
519 7834
520
521 3496 3994 6213 6602 9737
522
524
525
526 5454 6812
527
528 2724
529
530 2218 6118 6569 7720
531 3654
532 2766 3683 6509 7419 7678
533
534
535 3491 4243
536
537
538 7459
539
541 3402 6793
542 5788 7744
543
544
545
546 2686
547
548
549
551
552 2789 6300 7674 9760
553 6057 6353 7212 7977 9397
554 7833
555
557
558
560 1338 2690 3395
562
563 7556
566 6367 9676 9839 9936
567
568
571 4603 4761 5041 6858 8103 8354
572 6520
573
574
575
576 1403 7314
578 8628
579
580 7821
581 4400 9472
582 5421 7468
583
584
585
586
587 5312 8151 9320
589 6464
590 3776
591 983 1543 1843 3364 4281 5901 6596 7175 7526
592
593
594 4356
596
597
598
599
600
602
603
605
606
607
608 947 1887
609
610
611
612
614 785 816 933 1910 1957 2009 2309 2413 3005 3806 4874 5211 5586 5614 8674 9907
616 1175 4630
617 2088 5549 6184 8601 9069
618 2511 2974 3085 3695 4959 7042 7361 7448 7789 8363 9024 9313 9344
619 7749
620
621 1426 3446 3847 4345 5220 6190 9159
624 3324 3355 3506 6176 7621
625 5972 7418 7493
628 3335
629 5663
631
632 8300 9752
633 1978 2177
634
635 2241 2830 3201 4364 5116 7062 9328 9569 9843
637
639 4854 6079 7083
640
641 773 985 3326 3498 4411 7117 7467 9432 9642
642
643 2506 7852
644
645
647
648 4355 7655 7923 8418
649
650 1675 5910 7026
652
653 2217 5217
654 2969 4796 7480 8297 9092
655 3123 4074
657 3000 7095
659 7326
660 2489 3556 3605 4228 4239 5808 5918 7668 8598
661 6697
662
663 1989 4428
664
665
666
667
668
669
670 9603
671
672
673 1789 2405 3072 3525 4492 5036 6407 6593 6661 6995 7514 8606 9399 9920
674 3527 4706 4961 8496 8991 9885
675
676 9337
677
678
680 3851 9919
681
682 3770 5193 7415 7451 7627 8534 8539 9383
683
686
688
691
693
695
696
698
699
701
702
703
706 1796 5232 5303 5708 5916 7195
707
708 1664 1925 5612 5700
709
712
714
716
717
718
720
721 3600 5691
723
724
725
726
727
729 747 4517 6238 7762 7952 8960
731
732
733
734 2334
735 5655 9585
736 3439
738 1333 1447 3852 8714
739 1494 1756 1942 2178 7187 7517
741 1064 2752
742
744 7078 9220
745
746 4227
748
749
750
752
753 6013 6394 6541
756
757 9222
758
759
760
761
762
763
764
766
767 1703 2068 2689 3329 3422 3464 3902 5455 5945 6800 7089 7967 7970 8376 8839 9942
768 821 1539 2967 3932
769
770
775
776
777
779
780
781 3210 3639 5483 6110 8977
782 6400
783 5238 6065
784
786
787
788 2734 4434 5343 6206 6968 7274
789 3130 3378 3401 3819 4749 5038 5955 6001 7398
790
791
792
793
794
795 5394
796
799
800
801
802
803
804 2997 9019
805
806 3694 6760
808 1273 2084 9348 9565
809 7172 9158
812
814
815
817
819
823 1366 2224 2656 3942 5072 5911 6070 9055 9671
824
825 1429
826
827 5657 6639 9324
828
829 1484 1603 4176 6249 6298 8854
830
832
833
834
835
836
838
839
840 2139
841
842
843 6465 8488
844
846
849 1935 4267 4541 9282
850
851
852 7871
853 9650
854
855
856 4924 6871 7293
858
859
860 1231 3975 4711
861 1809 3421 4131 4730
862
864
866 2735 2936 4488 7124 8267
867
868 2786 2940 5351 6161 7873 9172 9590
870
871 1487 4881 7307 7662 8304 8639
872
873
874
875 1106 6333 6730 7373 7874 9117 9329 9380
876 2382 8752
878
879
880 5176 5746 9915
881
884 2926 5695
885
886 1226 2377 3982 7033 7438
887
888
890
891 1716 4295 4554 8720 8928
892
893
894
896
897 1378 1818 2755 3518 4271 5277
898 3829 4939 5434 6820 8701
899
900
901
902
903 4137 5102
904
906
907 4803 6692
908
909
910 1257
911
912 1180 4192 5771 7866
913
915
917
918
919
921 1185 2545 2721 3375 4841
922 2035 8325
923
924
925 1456 3407 4515 5248 6608
926 3558 4727 5364 7464 9869
927
928
929 6901 7795
930
931
932 2056
935
936 5405
940 1422 8467 9354
941 6896
942
943 1153 3891 5179 9106
944
945
946
948
950
951 1295 2048 4838 4908
952
953 1023 1025 1914 7508 9686
954
955
956
957
958
959
960
961 2379 3408 3920
962
964 1854
965
966 2922
967
968
969 2015 4584 5346 5835 9607
970 2078
973 3475
974
975
976
977
978
979
980
981
986
987 4697
988
989 2322 5879 6138 6224 7021
991
993
995
996 1768 3269 5951
997
1001 1296 3424 4033 4070 5313 6231 6671
1002
1004
1006
1007
1008
1009
1010 6576 6645 8599
1011 2939 8733
1012
1013
1014
1015 1134 1582 2394 2564 3733 4499 4503
1016
1017
1021 2746 3521 5578 5905 6075 9365 9376 9783
1022
1024 1179 1361 1527 1598 2618 2621 2865 3235 3530 5147 5717 5948 6384 6537 7506 9300 9756 9840
1026
1029
1030
1031 6258
1032
1033
1035 1790 2256 5647 6152
1036 6351
1038
1039
1040
1041 1177 2184 2403 4471 4922 5389 6546 7069 8609
1042
1043 6469 9720
1045
1046
1047
1048 2970
1050
1052
1053 1744
1054
1055 3500 8262
1057 5629 9726
1058
1059
1060 1662 2565 2733 4179 6601 9110 9298
1061 1389 4052 4522 5187 5282 7875 8060 8084
1063
1065 4452
1066
1067
1068 4989 6978 9776
1071
1072
1073
1074
1076
1077
1078
1079
1080
1082
1083
1084 1141 8433
1085
1088
1089
1090
1092 3909
1094 2086 2857 3093 3648 5162 7277
1095 3101
1097
1098
1099
1100 1994 2478 5293 5380 5883 7926
1102
1103
1105
1107
1108
1110 1625 1797 2515 5067 5490 6571 6755 8476 9768 9875
1111 1799 3554 6331 7331 7940 9240
1113
1118
1119
1121
1123
1125
1126
1128
1129
1130
1133 1954 2422 5061 6207
1135
1136
1137
1139
1140
1142
1143
1144
1145
1146
1147
1149 3690 5626 7972 9404
1150
1151
1152 1526 2314 8189 9157 9332
1154
1155
1156 2013 2174 6261 7085 8116 8187 8961 9418
1157 6415 6989 8278 8377
1158 7560
1159
1160 7273
1161
1163
1167 8808
1168
1169 2637 5033 5722 7070 8346 8489
1170
1171
1172 2304
1173
1174
1176
1181
1183 2113 3062 4419
1184 6603
1187
1188
1190
1191 5545 6245
1192
1193
1194
1195 2016 4390 4944 5472 7982 8419
1196 2625 4835 7822 9515
1197 1804 4042 4700 5569 5790 7244
1198 2691 2858 2979 4663 5336 7456 7796 9525 9830
1199
1201 1490
1202 3974
1203
1204
1206 1326
1207
1210
1212
1213 7549 7625 8156 8360
1215
1217
1218 2190
1219
1221 1362 3574 4012 8630 9784
1222 1655 8725
1223
1224
1228
1229
1230 7602
1233
1234 5697
1235
1236
1237
1239 3469 4538 7165
1241
1242
1247 2566 2907 3290 3513 4178 4277 5763 6015 6727 6960 7278 7402 7589 9077 9401
1248 8811 9719
1250
1251
1252 1841 3379 4698 9116 9540
1255
1258
1259
1260
1261
1263
1264
1265
1266
1267 1760 2435 3672 9131 9535
1268
1270 2842 2890 5076 5164 7607 7693 8104 8331 8976 9115 9901
1272
1274 5621 6023 7608 9162
1276
1278
1279 4009 7709
1280
1281
1283
1284
1285
1286
1287
1288
1289
1291 1690 8706 8924
1292
1293
1294
1297
1298 8009
1300 5258
1301 3261 3316 3680 5766 6604
1302
1305
1306
1307
1308
1309
1311 1705 6987 8456
1312 2933 3038 7330
1313 4048 9226
1314 5194 5742 7999
1315
1316
1317
1319 4997 6055 8015
1320
1324
1325
1327
1329
1330
1334 1454 3082
1335
1336 2483 4357 6410 6611 8779 9621
1337
1339
1340
1341
1343
1347 4768 7047 7336
1349 2451
1350
1351
1353
1354 9215
1355
1357 3632 5223 5301 9631
1359
1360
1363 1573 1946 2469 3257 7535 8520
1365 1632 4152 4524 5358 6662
1367
1368
1369
1370
1371
1373
1374
1375
1376
1377 4626
1379
1380 4668 5891 6559 7855 9305
1381
1382 2779 3901 5365 7050 7748 7888
1383
1384
1385 3566 4219 4328 6802 8428 8905 9125
1386
1388
1390
1391 1977 4336 7533 9473
1393
1394 2408
1396
1397
1398
1400 6881
1401
1404
1405 3555 4467 7588
1406
1407
1408
1409
1412
1413 5153 7167
1415
1416
1417
1418 3299 4919 6214
1419
1420
1421
1424
1425
1427 5848 6168 8035 9995
1430
1431 3270 6940 7664 9508
1432
1433 2530 7767 8010
1435
1436 3692
1437
1438
1439
1440 1628 4672 5425 7509 8127
1441
1442
1443
1448 2699 9095
1449 2392 2399 3985 4586 6155
1450
1455 8699 9295
1457
1458
1460
1462
1463
1464
1465
1466
1467
1468
1469
1470 4490
1471
1472
1475
1477
1478
1479 1522 4779 6046 6390
1480
1481
1482 2189 7719 9201
1483
1486
1488 3643 4465 7955
1489
1491
1493
1496
1497
1498 3772 5526 5642 7859 8730 9311
1499
1500 4274 4644 6719 7889 7935 9940
1501
1502
1503
1504
1505
1508
1509
1510
1512
1513 4335 5841 6990 7065
1514
1515
1516
1517
1518
1519
1521 1593 2808 3377 5736 7173 7839
1524
1528 1575 6468
1530
1532 8982
1533
1534
1535
1536 2486
1537
1540
1541
1542
1545
1546 2534 4544 7057 9924
1547
1548 4115 9015
1549
1550 2315
1551
1552
1554
1557
1559
1561
1562
1563 3243 5373 8236 9237
1564 1591 6685 7474 8132 8256
1565 3036 5275 5349 5774 7647 8266 9410
1566
1568 3903
1570
1571
1572
1578
1580
1581 2172 3597 8188 8493 9630
1583
1584
1585
1588
1592
1595 3742 9749
1596
1600
1601
1602
1604
1605
1606 5079 9007
1607 2643 3106 3185 4800 4973 5084 6646 7219
1608
1610 2319 5235 5319 5938 6794 9254 9987 9997
1611
1613
1614
1616
1617
1618 1689 5890
1619
1620
1621
1626 9145
1627
1629
1630
1631 4722 4952
1634 3315 4717 5037
1635
1636
1637
1638
1640
1641
1642 5852
1644
1646
1647
1648
1649
1650
1651
1653 1740 2508 5872 9727
1654
1656
1657 2191 2624 3064 6874 7010 7783
1658
1659 1668 7862
1661
1663
1667
1669
1671
1672
1673 8168
1674 6091
1677
1678 1778 9030
1679 3147 9303
1680
1681
1682
1683 7986 9306
1686
1688 3836 4750
1691
1692 4102 7226 8064 8530 8890
1693
1694 3735
1696
1698
1699
1700
1701
1702
1706
1707 2047 2613 3641 4303 6723 8580
1710
1711 3766
1712
1714
1715
1717
1718
1720 6787
1721
1722
1723 2151 5713 5764 6291 6956 7614
1724 3529
1725
1726
1727
1729
1730
1733
1734
1735
1736
1737 2477 3880 5927 7363
1738 4514
1739 5244 5826 7168 9061 9406
1742
1743
1745
1747
1748 2194 2335 4081 4359 7876 9413
1750
1751 2229 5776 6967 8602
1752
1753
1754 5800 8314 8549 8873
1757
1759
1761
1762
1763
1764 4879
1765
1767
1769
1771
1774 2682 4305 4401 4793 5531 6069 6738 7682 7932 9624
1775
1777
1780
1783
1784
1785
1786 8448
1787
1791
1792
1794
1798 4916
1800
1802
1803 8622
1805 7590 8124 9010 9363 9653 9838
1806
1808
1811
1812 6701
1813 3049 4500 7061 7576 7681 8513
1814 6597
1815 5171 7449
1816
1817 6393 9474
1819 3383 4351 7750 8234
1820
1821
1823 4635
1824
1826
1827
1829
1832
1834
1835
1839
1840
1847 3266 3591 7091 8246
1848
1851
1852
1856
1858
1859 9485
1860
1863
1864
1866
1868
1869 4403
1870
1872
1875
1878
1879
1880
1882
1883
1885 5283 5579 5735
1886 2106 2607 3014 3024 4407 4964 8759 8797 9793
1890
1891
1895
1898
1899
1902
1903
1904
1905
1908
1909 7807
1911
1912
1913 2438
1915 3075 3971 4752 7458
1916
1918
1920
1923
1924
1927
1928 5836 7827
1929
1930
1931
1936
1937
1938
1939
1940 3271 8715
1941
1944
1947 2179 2868 6062 7269
1948
1949
1951
1955 8799
1956
1958
1960
1962
1964
1966
1967
1969
1970 2788 5091 5327 7174 8077
1971 3231
1973 9956
1974
1980 3311 7463 8708
1981
1982
1988
1990 9090
1991
1993
1995 6280
1996
1997
1998
1999
2000
2001
2003
2004
2006
2008
2010 4991 5068 6884 8667
2012 4126
2014
2017
2018 2157 3999 5997 7267 7667 8895 9628
2019
2020
2021
2022
2023
2024
2025
2027
2029
2030
2031
2032
2033
2034
2036 9135
2037
2038
2039 8610
2040
2042 6256
2043 2758 3207 3294 4753 4794 8477
2044
2046 4344 7137 7492 8207 8551
2049
2052
2054
2055 6729
2057
2059
2061
2062 2429 4653 6487 7013 7928 8965
2065
2066
2067
2069
2070
2073 6260 6296 6324 6842 7017
2074 7037
2076 5853 8735
2077
2080
2083
2085
2089
2090
2092
2093 6253 9582
2095 4546 5601 9591 9981
2096
2098
2099
2100
2102 3166 3960 5342 6568
2105
2108 5148 8437
2110
2111
2112
2114
2115
2117
2118
2120
2124
2125
2126
2127
2128
2129
2130
2131 7962
2134
2136
2137
2138
2142
2144
2147
2148
2153 3531
2154 9190
2155
2156
2158
2161 3489 4286 6592 8875 9275
2162
2163
2164 3411
2165
2166
2167 3386 4041 8426
2168
2175 8807
2180 3174 4374 4676 8159 9605
2181
2182
2183
2185
2186 4628 6274
2187
2188
2193 2411 5422
2196
2197 9147
2200
2201
2203
2204
2205
2207
2208
2209 5063 6431 7056 8414
2210
2212
2213
2215
2216
2219
2220
2221
2225 2962 4484 7455 9460
2226
2230 8915
2231
2233 3121
2234
2235
2236 2935 5093 5814 6545
2239
2240 3382 4387 5392 6004 8324
2243 8802
2244
2245
2246
2247
2248
2251
2253
2255
2257
2258
2259
2260 4605 5144 5993 8547
2261
2263 2492 5805 8638
2264
2265
2268
2269
2271
2272
2274
2275
2276 2942
2277
2279
2280
2282
2283 2396 4269 5839 6821 8195 9358
2290 3512 9087
2294 2298 5485 6401
2295
2296
2297
2300
2301
2302
2303
2305
2306 7567
2307
2311
2316
2317
2320
2321
2323
2324
2325
2326
2327
2328
2329
2331 2672 4616 5175 6175 6255 6854
2332
2333
2336 4637
2337
2338
2340
2341
2342
2343 3456 8429
2348
2349 7672
2350 3296 6108 7335
2352
2354
2355
2358
2359
2360
2362
2363 5267 6883
2366 7930
2370
2371
2372 3962
2374
2378
2380
2384
2385 5585
2386
2387
2388 4563
2393
2397
2398
2404
2406 5042 5679 8399
2409 4740 4769 7828 9804
2410 4884 5940 7022 9200 9424
2412 3773 3778 4823 5654 6085 7806 8021
2414
2415 2527
2418
2419
2420
2421
2423
2424
2425
2426
2427
2428
2430
2431 3423
2432
2436
2437
2442
2443
2446
2449
2450
2453
2454
2456
2459 8253 8738
2461
2463
2465
2466
2467
2470
2475
2476 2679 3807 8216 8369 9152 9238 9651
2479
2480
2482 6194 7583
2484
2485
2487
2491
2493
2494
2495 4898 9623
2496
2498
2502
2505
2512
2513 9721
2517
2518 7178
2520
2521
2524
2525
2526
2529
2532 8809
2533
2535
2536
2537
2538
2539
2541
2542
2544
2546
2547
2548
2549
2550
2551
2552
2553
2554
2556
2557
2558 8019
2560
2561 2973 4449 4891 5123 6512 6748 8966
2563
2567
2569
2570
2572
2573
2574
2575
2576 3095 3104
2577
2578
2580
2582 6252 8165 8495 9970
2583
2584
2585
2587
2589
2590 3399
2591
2592 6837 7622 8460
2593
2594
2596
2598
2600
2601 9352
2602 2849
2603
2604
2605
2606 6862 7515
2608 3420 3465 4184 4491 5182 5386 7732
2609
2610
2611 8219
2612
2614
2615
2616 2908
2617
2620 9059
2622 9819
2626
2627 9622
2628 7626 8597 8922 9742
2630
2632
2633 4456
2635
2638
2641
2642
2644
2645
2646
2648
2649
2650
2652
2653 4309
2654 7090
2655
2657 4026 6169
2659
2660 3821
2661
2662
2663
2665
2666
2669
2670
2673 2798
2674
2675
2680
2681
2684
2687
2688
2692
2693
2695
2696 8443
2698
2701
2702 4354
2705
2708
2710
2711
2712
2713 7675
2714
2715
2716
2720
2722
2723
2725
2728
2729
2730
2731
2732
2736
2737
2738
2739
2740
2742
2745
2747
2748
2749
2750
2751
2759
2760
2761
2762
2764
2765
2767
2768 2818 3140 3234 4392 7176 8265 9256
2769
2770
2771
2774
2776
2777
2778 8603
2780
2781
2782
2783 5030
2784
2785 2928 4139 4205 5670 8352 9478
2787
2791
2793
2794
2795
2799 8252
2800
2801
2803
2805
2806
2810
2811
2812
2813
2814
2815
2816
2817
2819
2821 3028 3816 7306 7516 7633 7815
2822
2823
2824
2825
2826
2828
2832
2833
2834
2835
2839
2840
2841
2843
2846 4050 6330 8504
2847 4210 4695 5119 5477 6123 6180 7343 8098 9064
2848 4332
2850 6449 9370
2852 3325 4300 4455 8062 8820 8861
2853
2854 9820
2856
2859 7356
2860
2861
2863
2864
2866
2867
2869
2871
2872
2874 3437
2876
2878
2879
2880 5315 5882 6641 8673
2884
2885
2886 4220 4834 5205 8932
2887
2888 8792
2893
2894
2895
2896
2898
2899
2902
2903
2904
2905
2906
2909
2913 2982 4797 5053 8240
2914 3764 9681
2916
2917
2918
2919
2920
2921
2923
2929
2930 8374
2934 7198
2937
2938
2943
2944
2945
2948
2951
2952
2954
2955 6263
2956
2957
2959 3926 4474 5286 8343
2960
2961
2963
2965
2971 4981 5297
2972
2977 6582 8176 8470
2978
2980
2981 3214 4623
2984
2985
2986
2988 3278
2991
2992
2994 9058
2995
3001
3002 3015 6043
3003
3004
3007 3119
3009
3010
3011
3013 4880 7620 7639
3016
3017
3019
3020
3023
3025
3027
3029
3030
3031
3034 3303 3665 3790 7403 8946 9507 9862
3035
3037
3039
3041
3042
3043
3045
3046
3047
3048
3051 7345
3052
3054
3055
3057
3061
3063
3065
3066
3067 6198
3068
3069
3071
3073
3074
3077 5706
3078
3080
3084
3086
3088 6505
3089
3090
3091
3092
3094
3096 4758 7276 8518 9167
3097
3098
3100
3102 5426
3107
3109
3110
3112
3113
3114
3115
3116
3117
3120
3124
3125
3126
3127 3573 5087
3128
3129
3131
3132
3133 3289
3134
3135
3136
3139
3141
3142 5280
3143
3144
3146
3148
3149
3150
3151 4684 5085
3152
3155
3156
3157
3158
3160 5816 6688 7097
3162
3163
3164
3165
3167 5204 5909
3169
3170
3171
3172
3173 6087
3175 3508 4647 6145 6722
3176
3178
3179
3181 8527
3182
3183
3186
3189
3190
3193
3195
3198
3199 3392 5295 5419 7210
3200
3208
3211
3216
3218
3221
3222 9850
3224
3226
3227
3228
3230
3232
3236 4615 6399 7012 9516
3239 7430 7543 8497
3240
3242
3245
3246
3249
3250 3813 9881
3251 8572
3252
3253
3254
3255
3256
3258
3259
3260
3262
3264
3265
3267
3272
3274 5745 6440 6853 8953
3276
3277
3279
3280
3282
3283 3433 5302 5701 8636 9333
3284
3287
3288
3293
3295 7380 9327
3297
3298
3300
3301
3302
3304
3306
3307 6876
3309 6478 6503 6954
3310
3312
3317 4406 6222
3319
3320
3321
3322 6191
3327
3330
3331
3332
3333
3334
3336
3337
3339 4883
3341
3343
3344
3345
3348
3349
3353
3354
3356
3357
3359
3360
3361
3362
3363
3366
3367 4230 5491 6861 7808 9861
3368
3370 7181
3371 3768 4573 4643 5459 8371
3372
3376
3380
3388
3393 8211
3397
3398
3400
3404
3405
3406
3410 3448
3412
3419
3425
3426
3427
3428
3429
3434
3436
3440
3443
3444
3445
3447
3449
3450 5178 8841 9246 9899
3452
3454 4373 8446
3455 5904 7557 9774
3459
3460
3461
3472 4824 9897
3474
3476
3478 8388
3479
3480
3482
3483
3484
3485
3487
3492
3493
3495
3497 4482 8054 8263 9224
3499
3501
3503
3504
3505
3509 8806
3514
3515
3516
3522
3523
3524
3532
3534
3535 5048 7611
3536 3936 4645 6225 7201 7434 7736 7739 8596
3540 4445 8757 8929
3541
3543
3544
3545
3546
3547
3551
3553
3559 7105 9086 9121
3560
3565
3568
3569
3570
3571
3572
3575
3576
3577
3578
3581
3582
3586
3588
3589
3590
3592
3593
3594
3598
3599
3601 7350
3602
3603
3604 6846 9750
3606
3607 4671 5109 5599 7867 8661
3608 7156
3609
3610
3611
3612
3613
3614
3615
3616
3617
3619
3620
3621
3622
3623
3624
3625
3627
3630
3633
3635
3636
3637
3638 4807 5050 9136
3640
3642
3645
3647
3649
3651
3652 5570
3653 5902
3656 5658 6764 7420 7896
3657
3658 5555 9857
3659
3660 5984
3661
3662
3664
3666
3667
3671
3674 4746 4767 4842 5465 5598 6654 9680
3676
3677
3682
3686
3689
3691 7790
3693 5433 6461 8364 9137
3696
3697 5005
3698
3700
3705
3707
3708
3711
3713
3714
3715
3716
3717 3947
3718
3721
3725 4845 4932 5222 6847 8333 8361
3727
3729
3730
3732 5952
3734
3736
3737 6867
3738
3740
3745
3746
3747
3748 4636
3750
3751
3753
3754 8958
3755
3756
3757
3758
3762
3763
3765
3767
3771 4128 5615 6319 8318
3775
3777
3780
3782 9822
3784
3787
3788
3789
3791
3792
3794
3796
3797
3798
3800 5633 5873 8181
3801
3804
3805
3811
3812
3817
3820
3823
3824
3825
3826
3828
3830
3833 8025 9451 9923
3834
3835
3837
3840
3841
3843 3922 7701 7919 9486
3849
3850
3853 3981 5959
3854 7486 8783
3857
3859
3860
3861 4079 4716 6188 6373 7110 7125 8862 9080
3862
3869
3870
3872
3873
3874
3875
3877
3878
3879
3884 4200 4656 7520 8412 9364 9422 9826 10000
3885
3886
3887
3889 5715 6272 8543 9663
3890
3893
3897 7063 8664
3900
3904
3907
3908
3912
3913
3914
3915
3916
3918
3919 7387
3921
3924
3925
3927
3930
3931
3933
3935 5104 8593
3938
3941 5009
3944
3945
3946 3997 4321 6616 7123
3948 6749 7054 7641
3950
3951
3953 5124
3954
3955
3956 8421
3957
3958
3959 4398
3963 6619 9155
3964
3965
3967 6337
3968
3970 5827
3972 8403
3973
3978
3979
3980
3983
3984
3986
3989
3990 5331
3991
3993 9124
3998
4000
4001
4003
4006
4008
4010 8918
4011
4013
4014
4015
4016
4021
4022
4024
4025
4027
4028 5340 6961 7038 9547
4030
4031
4035 6259 6358 7837
4036
4038 5183 7742 7948
4039
4043
4044
4045
4046
4047
4054 9656
4057
4058 4489 6442 8870
4059
4060
4062
4063
4064 4583
4065
4067
4068
4069
4072
4073
4077
4080
4082
4085
4086
4087
4088
4089
4090
4091 4204
4092
4093
4095
4096
4097 5431 7949 8001
4098
4099
4100
4101
4105
4107
4109
4110
4113 6572 8160 8458
4114 8903
4117
4118
4120
4121
4123 9052
4125
4127
4130
4132
4133
4134
4138 8985
4140
4141
4146
4147
4149 7582 7597
4151
4153
4159 9008
4162
4165
4166
4167
4168
4169
4170
4172
4173
4175
4180
4181
4182
4183
4185
4189
4190 5817 8576 9297 9589
4191
4193
4195 8739 8988 9871
4196
4202
4203
4206
4208
4209
4211
4213
4214
4215
4217 7953
4221 6242 6305 7676 9198
4222
4223
4224
4225
4229
4231
4232
4233
4234
4235
4237
4238
4244
4245
4246
4247 6631 8155
4254
4255
4256
4257
4259
4260
4262
4265
4266 5907
4268 6028 7179
4270
4272
4275 7717 8900
4278 9271
4280 6495 9748
4282
4283
4285
4288
4289 5049
4290
4291
4292
4293
4294
4297
4298
4299
4301
4302
4304
4306
4307 7831
4308 7532 9823
4310
4311
4312
4314
4315
4316 7294 9079
4317
4318
4319
4320
4325
4326
4329
4330
4333
4337
4338 5398
4340
4341 5923
4343 6705 7974 8136
4346
4349 9067
4350
4353
4358
4361
4362
4366
4367
4368
4369
4371
4372
4377
4378
4379
4380
4381 7563 8439 9013
4382
4385
4386
4388 7220 8986
4394 5281 7478 9025
4395
4397
4399
4404
4405
4410 6801 8305 8341
4412
4417
4420
4421
4422 5027
4423
4425
4427 6368 6994
4429
4430 5298 5759 6297 7134 7154 7735
4431
4432 4520
4433
4435
4440
4441
4444
4446
4457
4458 9266
4459
4460
4461
4466
4470
4473
4475
4476
4479
4481
4485
4487
4493 8521
4494 8774 8968 9027
4495
4497
4498
4501
4502
4504
4508
4510
4511 7030
4512
4513
4518
4521
4523
4526
4528
4530
4533
4534
4535
4539 5139
4540
4545
4548
4549
4551
4553
4555
4557
4558
4561
4562
4564
4565
4566 5095
4568
4569
4570
4571
4572
4574
4576
4578 6851 7594 7637 8287
4579
4580
4581
4582
4585
4587
4588 7027
4589
4591
4594
4595 9937
4596
4597
4598
4601
4602
4604
4606
4608
4609
4610
4611 7603
4612
4613 5678 6702 7439 7592
4614
4618
4621
4624
4627 5344
4629 5796
4631 9723
4632
4633
4638
4639
4646
4648
4650
4651
4654
4655
4658
4659 5781
4660
4661 8897
4662
4664
4665
4666
4667
4669
4674
4675
4678
4679
4680
4681
4682 6491
4683
4685
4686
4687
4688
4689
4694
4696
4699
4701
4702
4703
4705
4707
4708
4709
4710
4712
4713
4715
4718
4719
4723
4725
4726
4728
4729
4731
4733
4734 5353 6301
4735
4736
4737
4738
4741
4745 6711
4748
4751
4755
4756
4759 7158
4764
4770
4771
4773
4775
4777
4778
4781
4782
4784 6327
4786
4787 5192
4788
4801
4808 7801 8840
4810 8731
4811
4812
4816
4817
4818
4820
4821
4826
4828
4832
4833
4839
4846
4847 9389
4848 6791
4849
4851 6927
4852
4853
4855
4856
4857
4858
4859
4860
4862
4863
4865
4866
4868
4872
4875 8296
4876
4877
4878
4882
4888 5630
4889
4890
4892
4893
4895
4896
4899
4900
4902
4903
4904
4905
4906
4907
4909
4910
4911
4912
4913 9199
4914 6591
4918 6865
4920
4921
4923 8082
4926
4927
4931
4934
4936
4937
4938
4941
4946
4947
4948
4949
4951
4953
4955
4958 9596
4962
4968
4969
4971
4972
4974
4975
4976
4977
4979 6336
4980
4982
4983
4985 9325
4986
4987
4988
4992
4996
4999
5003
5004
5007
5008
5014
5017
5018
5020
5021
5022
5023
5024
5028
5032
5034
5035
5039
5040
5043
5046 5777
5047
5052
5056
5058
5059
5060 6334 7328
5064
5065
5066
5069
5070
5071 5432 6550
5073
5078
5080
5081
5082
5083
5086
5089
5090
5092
5096 6121
5098
5099
5100
5103
5108
5111
5112
5115
5120
5122
5125
5128
5130
5131 7491 8707
5133
5138 9769
5141
5143
5145
5149
5150 5652
5151
5155
5156
5157
5160
5167 7699 9488
5169
5170
5172
5174
5177
5180
5181
5184 7287 8532
5185
5186
5188
5195
5196
5197
5198
5200
5203
5206
5207
5208
5215
5218
5221
5226
5227
5228
5229
5236
5239
5242
5243
5245
5246
5249
5250
5254
5256
5257
5259
5260
5261
5263
5266
5270
5271 9171 9910
5272
5273
5274
5284
5287
5289
5291
5294
5299 9272
5300
5304
5307
5309
5310
5317 5540
5318
5323
5324
5326
5332
5337
5338
5350
5352
5354
5355
5356
5357
5360
5362
5363
5369 8368
5370
5371
5375
5376
5381
5382
5384
5387
5391
5393 9270
5395
5396
5397
5399
5402
5408
5412
5414
5415
5416
5423
5424
5428
5429
5430
5435 7259 9990
5436
5437
5438
5441
5442
5443
5446
5449
5453 8362 8777
5456
5457
5460
5461
5463
5466 8964
5467
5469
5474
5475 6860
5478
5479
5481
5484
5486
5488
5492
5493
5494
5497
5498
5500
5501
5502
5503
5504
5505
5508
5510
5514
5515
5517
5518
5520
5521
5522
5523
5527
5528
5529
5533
5534
5535
5537
5541
5544
5546 9063
5548
5550
5552
5556
5563 9888
5564
5567
5568
5573 5773 9279
5575
5576
5577
5580
5581
5582
5587
5589
5591
5594 9177
5597 9304
5600
5602
5603
5605
5606
5608
5609
5611 9846
5616 6306
5617
5619
5620
5622
5625 6236 7788
5628
5632
5635
5636
5639
5640
5644
5650 7773 8748 9867
5651
5653
5656
5659
5660 5829
5661
5662
5664
5665
5667 6979
5669
5672
5674
5675
5676 6209
5677
5680
5681 9560
5685
5686
5687
5689
5692 6000
5694
5699
5702
5703
5704
5705 9874
5707
5709
5711
5714 8871
5716
5719
5720
5721
5728
5729
5730
5731
5732
5737
5743
5747
5749
5750
5751
5752 7153 7338 8220
5754
5756
5761 5973 7019 7945 9212 9743
5769
5779
5780 9537
5784
5785
5786
5791
5792
5794 6010 7291 8557 8798
5799
5801
5803
5804
5806 6151
5807
5809
5811 6540 9204 9707
5818
5820
5821
5823
5824 8026
5825
5832 8956
5834 7303 7754
5838
5840
5842
5843
5845 8761
5849
5851
5854
5855
5858 8225
5859
5861
5862
5863
5865
5866
5867 8147
5868
5869
5870
5871
5874
5875
5878
5880
5881
5886
5887
5892
5895
5896 6185
5903
5912
5914
5915
5917
5919 7760
5921
5922
5924
5926
5928 7797 8517
5929
5930
5931
5932 6054 9188
5933
5934
5935
5936
5939
5941
5944
5946
5949
5950
5954
5956 8829
5958
5960
5961
5964 8378
5965
5967
5970
5971
5975
5976
5977
5979
5980
5981
5982
5983
5987
5988
5994
5995
5998
5999
6002
6003
6005
6009
6011 7011
6014
6017
6021
6022
6024
6025
6026
6029
6030 9848
6031
6032
6033
6034
6037
6039
6044 9668
6047
6048
6050
6051
6052
6059
6060
6061
6063
6064
6071
6072
6073
6074
6076
6080
6081
6082
6083 7215
6084
6088
6089
6092
6093
6094
6096
6099
6101
6102
6104 7988
6105
6107
6109
6111
6112 7163
6115
6119
6120
6122
6124
6125
6126
6127
6128
6131
6135
6137
6140
6141 6985 9960
6144
6146
6147
6149
6150
6156
6158 7537 8031
6159
6160
6162
6163
6165
6166
6167
6170
6171 6698 8070
6174
6178
6183
6186
6187
6189
6192
6193
6196
6197
6199
6201 8577 9952 9979
6202
6204
6211
6212
6216
6219
6223
6227
6229 8058
6230 7956 8337
6232
6233
6234
6240
6241
6244
6247
6248
6250
6254
6257 7271
6262
6264
6265
6267
6268
6269
6270
6273
6276
6284
6285
6287
6288
6290
6292
6294
6302
6303
6307
6309
6311
6314
6316
6321
6325
6332
6338
6339
6343
6344
6345
6346
6347
6349
6352
6354
6356
6357
6359
6362
6363
6364
6365
6366
6370
6371 6549
6376
6377
6378
6379
6382
6383
6385
6387
6392
6397
6398
6403
6404
6406
6408
6409
6411
6414
6416
6417
6418 7028 7332
6419
6420
6421
6422
6424
6425
6427
6428
6429
6432
6433
6434
6436
6437
6438
6441 6908
6443
6445
6446
6447
6450 6753 8336
6451
6453 8110 8258 8834
6458
6459
6462
6466
6467
6470
6472
6473
6475
6476
6477
6480
6481
6485
6486
6490
6492
6493
6496
6498
6500 9498
6501
6502 8590
6504
6507
6508
6511
6513
6514 8800
6516
6517
6518
6519
6522
6523
6524
6525
6526
6527
6529
6530
6532
6533
6534
6535
6536
6539
6542
6543
6544
6548
6553
6554
6560
6564
6566
6567
6570
6573
6574
6575
6580
6583
6585
6586
6587
6588
6589
6590
6598
6605
6606
6607
6610
6612
6613 9280
6614
6615
6618
6621
6622
6625
6627
6628 7169 9746
6629
6632
6633
6634
6635
6637
6642
6647
6649
6650
6652
6653
6655
6657
6660
6664
6665
6666
6667
6668
6669
6670
6672
6675
6676
6677
6678
6680
6681
6683
6687
6694
6696
6700
6703
6704
6707
6712
6715
6716 9233
6717
6720
6721
6726
6728
6732
6734
6735
6736
6737
6739
6742
6743 7024
6745
6746
6754
6756
6757
6759
6761
6763
6765
6766
6767
6769
6771
6773
6774 7341 9091
6775
6776
6779
6780
6781
6784
6785
6786
6788 8229
6789 7144
6790
6792
6795
6797 8805 8908 9892
6798
6803
6804
6805
6807
6808
6809
6811
6813 7190
6814
6816
6817
6818
6819
6824
6825
6828
6831
6833
6834
6838
6840
6841
6843
6844
6848
6856
6857
6859
6866
6869
6870
6872
6875
6877
6878
6879
6880
6882
6885
6891
6892
6895
6897
6898 8713
6900 8519 9713 9766
6902
6904
6905
6906
6910
6912
6913
6914
6916
6917
6918
6919
6920
6921
6922
6925
6926
6928
6929
6930
6931
6933
6934
6935
6937
6939
6942
6944 9856
6946
6948
6950
6951
6952
6953
6957
6958
6959
6962
6964
6966
6969
6972
6973
6974
6976
6977
6982
6988
6992
6993
6996
6998
6999
7000
7002
7005
7007
7016
7018
7020
7023 9229 9980
7025
7029 9301
7031
7036
7039
7043
7044
7045 8359
7046
7048
7051
7058
7059
7067
7068
7071
7072
7073
7074
7075
7076
7077
7079
7080
7081
7084
7088
7092
7093
7094
7096
7101
7102 7366
7108
7109
7112
7114
7115
7116
7119
7120
7121
7122
7126
7127
7128
7129
7130
7132
7133
7138
7141
7145
7146
7148
7149
7152
7157
7160
7162
7170
7180
7182
7183
7185
7189
7191
7192
7197
7199
7204
7205
7206
7207
7208
7209
7211
7213
7214
7216
7217
7221 9120
7222
7223
7228
7229
7230 7856
7231
7233
7234
7235
7236
7238
7239
7241
7242
7243
7245
7247
7253
7254
7255
7256
7261
7262
7264
7268
7280
7281
7286
7290
7292
7295
7298
7300
7302
7304
7305
7308
7310
7311 8652
7312
7313
7315
7319
7320
7321
7322
7323
7324
7329
7333
7334
7339
7342
7346
7348
7349
7353
7355
7359
7364
7365
7367
7369
7371
7374
7375
7376
7378
7379 8030
7382
7383
7388 9343
7389
7390
7393
7394
7399
7400
7404
7405
7407
7408 7825
7409
7410
7411
7412
7413
7414
7416
7421
7422
7423
7424
7425
7426
7427
7431
7433
7442
7444
7446
7450
7452
7453
7461
7462
7469
7470
7471
7475
7476
7477
7479
7481 8298 8404
7482
7484
7487
7488 8120
7489
7490
7495
7496
7498 7666 7751 9929
7500
7501
7503
7507
7513
7518 9396
7519
7521
7523
7525
7527
7528
7529
7531
7534
7538
7542
7544
7545
7547
7548
7551
7555
7559
7562
7570
7571
7572
7574
7575 9747
7578
7580
7581
7586
7587
7593 9675
7596
7599
7600
7601
7605
7606
7609
7610
7612
7613
7615
7616
7617
7619
7628
7630
7631
7638 8711
7643
7644
7645
7648
7650
7651
7653
7656
7657
7658
7660
7661
7663
7665
7669
7670
7671
7677
7679
7684
7685
7686
7688
7692
7694
7695
7696
7702
7703
7704
7706
7707
7710
7711
7712
7713
7714
7718
7723
7724
7727
7729
7730
7731
7734
7737
7738 9969
7740
7743
7745
7747
7753
7758
7761
7763
7764
7768
7769 9173
7770 9945
7771
7775
7777
7778
7779
7780
7781
7784
7785
7786
7792
7793
7799
7800
7802
7803
7804
7805
7809
7810
7812
7813
7814
7816
7818
7823
7824
7826
7830
7836
7840
7842
7844
7845
7847
7848
7850
7851
7853
7854
7857
7858
7861
7863
7864
7865
7868
7870
7872
7877
7878
7879
7880
7881
7882
7885
7886
7887
7890
7891
7892
7894
7897
7898 9433
7899
7900
7902
7905
7906
7907
7908
7910
7911
7912
7913
7915
7917
7918 9951
7920
7922
7924
7925
7929
7933
7934
7937
7941
7942
7950
7957
7959
7960
7961
7964
7965
7966
7969
7973
7975
7976
7979
7980 8139
7981
7984
7985
7989
7990
7991
7992
7995
7997
7998
8000
8002
8003
8005
8006
8008
8011
8020
8022
8027
8034
8036
8037
8040
8041
8042
8043
8044
8045
8046
8047
8048
8050
8051
8052
8055
8059
8066
8067
8069
8072
8080
8081
8083
8085
8089
8090
8091
8092
8095
8097
8100
8102
8106
8107
8112
8114
8118
8123
8126
8131
8133
8135
8140
8141
8142
8143
8145
8148
8150
8158
8161
8166
8167
8170
8171
8173
8174
8175
8177
8179
8180
8182
8183
8184
8186
8191
8192
8194
8197
8199
8200
8201
8202
8203
8204
8205
8208
8209
8210
8212
8214
8217
8222
8224
8226
8228
8230
8237 9958
8238
8241
8243
8244
8251
8254
8257
8264
8268
8271
8274
8275
8276
8279 8631 8863
8280
8281
8282
8283
8284
8285
8286
8288
8289
8290
8291 8655
8292
8301
8303
8306
8307
8308
8315
8316
8319
8321
8322
8323
8326
8327
8339
8347
8348
8349
8350
8355
8373
8375 8406 9369
8380
8382
8384 9955
8387
8391
8393
8394
8396
8397
8400
8402
8408
8411
8413
8415
8417
8423
8425
8427
8430
8432
8434
8438
8440
8441
8442
8444
8450
8452
8454
8457
8462
8465
8466
8471
8472
8474
8478
8479
8480
8481
8482
8483
8484
8490
8491
8492
8494
8499
8501
8503
8505
8506
8507
8512 9730
8515
8516
8523
8525
8533
8535
8536
8538
8540
8542
8545
8546
8548
8550
8552
8556
8558
8560
8563 8787
8564
8565
8566
8568
8570
8574
8578
8583
8587
8588
8591
8592
8600
8604
8607
8608
8612
8613
8615
8617
8619
8621
8625
8632
8633
8635
8641
8642
8647
8649
8650
8651
8653
8654
8657
8658
8659
8662
8666
8669
8671
8675
8676
8679 8898
8680
8681
8682
8684
8685
8687
8688
8689
8692
8693
8695
8697
8698
8700
8702
8703
8704
8710
8716
8717
8719
8721
8722
8724
8726
8727
8729
8732
8736
8740
8742
8744
8749
8750
8751
8753
8755
8760
8764
8766
8768
8769
8770
8771
8778
8780
8781
8782
8784
8785
8788
8789
8791
8794
8795
8814
8817
8818
8819
8821
8822
8825
8826
8828
8831
8833
8837
8846
8847
8851
8853
8855
8857
8858
8859
8860
8864
8867
8869
8872
8876
8878
8879
8880
8881
8882
8884
8885
8886
8887
8888
8891
8892
8893
8902 9243
8904
8906
8907 9959
8909
8910
8911
8912
8919
8920
8923
8925
8926
8927
8931
8934
8937
8941
8943
8944
8947
8949
8952
8954
8969
8970
8971
8972 9738
8974
8978
8980
8984
8990
8993
8995
8999
9001
9004
9005
9006
9011
9017
9018
9020
9021
9022
9023
9026
9028
9031
9032
9035
9036
9037
9038
9039
9040
9042
9044
9046
9047
9048
9049
9051
9054
9056
9057
9062
9065
9066
9068
9070
9071
9072
9073
9075
9078
9088
9093
9098
9099
9103
9109
9112
9118
9123
9126
9128
9129
9130
9134
9138
9139
9141
9142
9144
9148
9149
9150
9153
9154
9161
9165
9166
9170
9174
9176
9178
9179
9181
9182
9186
9191
9195
9196
9202
9203
9207
9209
9211
9214
9217
9221
9223
9228
9234
9236
9239
9241
9245
9251
9253
9255
9257
9259
9261
9262
9274
9277
9278
9281
9283
9285
9286
9288
9289
9290
9292
9293
9294
9296
9302
9312
9315
9317
9318
9319
9323
9330
9331
9335
9336
9338
9342
9345
9347
9350
9355
9357
9360
9361
9362
9371
9372
9373
9374
9377
9379
9382
9385
9386
9388
9394
9395
9400
9405
9407
9408
9412
9414
9415
9417
9419
9420
9421
9425
9429
9430
9431
9434
9435
9436
9437
9438
9439
9440
9441
9442
9443
9447
9450
9454
9455
9456
9457
9461
9462
9464
9465
9467
9469
9470
9477
9480
9481
9483
9487
9489
9491
9492
9493
9494
9496
9497
9499
9500
9501
9503
9504
9509
9510
9512
9513
9514
9520
9522
9523
9524
9526
9527
9528
9529
9530
9531
9532
9536
9538
9541
9542
9544
9545
9548
9550
9551
9552
9553 9561
9554
9557
9558
9564
9566
9567
9568
9572
9574
9577
9578
9579
9581
9583
9584
9592
9593
9598
9599
9604
9609
9611
9614
9616
9618
9619
9620
9625
9629
9633
9634
9636
9640
9641
9644
9648
9649
9652
9654
9655
9657
9658
9660
9662
9664
9665
9669
9670
9673
9682
9683
9687
9690
9691
9693
9694
9696
9697
9698
9699
9701
9703
9704
9706
9709
9711
9714
9722
9724
9725
9728
9731
9734
9736
9739
9740
9744
9745
9751
9754
9757
9759
9764
9765
9770
9772
9773
9778
9779
9781
9782
9785
9789
9790
9792
9794
9796
9797
9798
9805
9807
9808
9809
9811
9812
9814
9815
9818
9821
9829
9832
9835
9836
9837
9844
9845
9851
9852
9853
9854
9855
9860
9863
9866
9868
9870
9873
9879
9880
9883
9887
9889
9890
9893
9894
9898
9900
9902
9903
9905
9909
9912
9913
9916
9922
9925
9930
9932
9935
9938
9941
9943
9944
9948
9949
9950
9953
9957
9961
9962
9963
9965
9966
9968
9972
9973
9978
9985
9986
9988
9989
9991
9992
9996
115
179
327
372
437
439
454
630
636
690
692
697
713
719
737
774
811
818
831
883
914
939
971
1003
1018
1056
1069
1096
1114
1117
1120
1165
1189
1214
1225
1232
1246
1262
1275
1304
1310
1318
1321
1372
1387
1414
1428
1538
1576
1589
1590
1599
1624
1639
1666
1670
1695
1746
1749
1755
1758
1770
1773
1807
1828
1833
1846
1881
1884
1888
1889
1892
1894
1900
1906
1917
1919
1926
1932
1952
1953
1975
1976
1985
1992
2007
2028
2041
2060
2063
2064
2071
2082
2094
2097
2116
2121
2132
2140
2143
2145
2146
2149
2159
2171
2176
2192
2195
2199
2214
2228
2238
2252
2262
2266
2270
2288
2308
2313
2345
2353
2365
2381
2395
2401
2417
2439
2440
2441
2444
2445
2458
2460
2464
2473
2481
2501
2503
2507
2555
2568
2586
2634
2636
2647
2664
2668
2685
2694
2703
2704
2707
2717
2718
2719
2741
2743
2744
2756
2772
2773
2792
2796
2820
2829
2873
2900
2911
2915
2925
2946
2953
2958
2983
2989
2990
3022
3032
3040
3053
3059
3060
3081
3083
3105
3137
3145
3153
3154
3159
3161
3177
3180
3194
3202
3203
3205
3206
3215
3220
3229
3248
3263
3273
3275
3281
3292
3305
3313
3318
3340
3346
3391
3396
3416
3430
3441
3442
3462
3463
3481
3486
3490
3511
3517
3519
3520
3533
3537
3538
3561
3563
3567
3579
3584
3596
3628
3655
3668
3679
3685
3688
3699
3703
3704
3706
3710
3712
3719
3720
3722
3726
3731
3739
3743
3759
3760
3783
3785
3802
3818
3822
3832
3842
3844
3845
3848
3865
3871
3881
3905
3906
3928
3929
3952
3987
4002
4007
4018
4019
4029
4032
4037
4040
4049
4053
4076
4078
4094
4103
4104
4111
4119
4135
4136
4143
4144
4155
4156
4160
4161
4164
4186
4188
4194
4199
4240
4241
4251
4253
4258
4263
4273
4276
4287
4296
4313
4322
4348
4352
4360
4365
4370
4375
4376
4383
4384
4391
4396
4409
4416
4418
4438
4447
4451
4453
4462
4463
4468
4469
4480
4483
4486
4505
4507
4509
4516
4525
4527
4532
4537
4547
4550
4552
4556
4607
4620
4640
4652
4657
4670
4693
4714
4721
4732
4743
4744
4747
4754
4774
4776
4780
4790
4795
4798
4799
4802
4804
4805
4806
4813
4827
4831
4840
4843
4844
4850
4864
4869
4873
4885
4915
4930
4933
4935
4943
4954
4978
4998
5000
5002
5006
5011
5015
5029
5045
5054
5055
5062
5075
5088
5101
5105
5106
5107
5152
5158
5159
5163
5168
5210
5213
5225
5230
5233
5234
5237
5240
5251
5252
5264
5269
5279
5290
5311
5314
5320
5321
5322
5325
5328
5330
5333
5335
5339
5359
5361
5366
5368
5377
5378
5379
5390
5401
5410
5417
5439
5451
5462
5464
5476
5480
5482
5487
5489
5495
5509
5511
5516
5519
5530
5532
5536
5559
5560
5561
5571
5584
5610
5613
5618
5631
5643
5645
5646
5648
5668
5682
5684
5690
5693
5696
5698
5718
5724
5727
5744
5748
5755
5758
5767
5768
5772
5778
5783
5789
5795
5798
5812
5822
5830
5831
5857
5860
5876
5888
5889
5893
5894
5898
5900
5908
5920
5925
5942
5943
5963
5969
5986
5989
5990
6008
6016
6018
6035
6040
6042
6045
6049
6056
6067
6078
6086
6090
6098
6103
6106
6113
6117
6129
6142
6143
6148
6153
6154
6164
6173
6181
6203
6205
6218
6220
6235
6239
6271
6279
6281
6293
6308
6310
6312
6313
6318
6322
6323
6328
6329
6348
6355
6369
6372
6391
6395
6405
6413
6423
6430
6452
6463
6482
6484
6494
6499
6510
6528
6531
6538
6552
6555
6557
6561
6565
6577
6578
6579
6581
6584
6599
6609
6617
6624
6626
6636
6643
6644
6651
6659
6663
6673
6674
6679
6684
6691
6693
6699
6706
6714
6733
6747
6750
6752
6762
6768
6770
6772
6777
6778
6782
6783
6806
6810
6829
6830
6832
6849
6852
6855
6868
6873
6887
6903
6907
6909
6923
6932
6938
6941
6943
6965
6971
6975
6981
6986
7001
7004
7006
7032
7034
7035
7041
7066
7087
7098
7099
7107
7111
7113
7135
7136
7140
7142
7150
7161
7166
7177
7194
7203
7224
7227
7240
7248
7251
7258
7260
7275
7284
7296
7297
7301
7309
7316
7317
7327
7344
7347
7354
7362
7368
7381
7385
7386
7392
7396
7401
7428
7436
7437
7454
7466
7472
7505
7510
7511
7512
7524
7540
7546
7553
7561
7564
7566
7569
7573
7577
7579
7584
7591
7595
7618
7624
7629
7635
7640
7642
7654
7659
7683
7689
7691
7698
7705
7715
7721
7725
7728
7772
7787
7791
7820
7829
7835
7838
7849
7884
7893
7895
7927
7938
7939
7944
7946
7954
7968
7987
7994
7996
8013
8016
8018
8023
8029
8032
8033
8038
8061
8065
8068
8076
8078
8079
8086
8093
8094
8096
8105
8113
8115
8117
8119
8121
8130
8138
8146
8153
8157
8164
8169
8178
8185
8196
8206
8218
8231
8232
8233
8235
8245
8249
8250
8260
8270
8272
8293
8294
8295
8302
8309
8310
8313
8317
8328
8335
8340
8342
8356
8357
8358
8365
8367
8372
8390
8392
8398
8401
8410
8416
8424
8431
8435
8445
8449
8451
8453
8459
8463
8464
8469
8473
8475
8485
8498
8502
8508
8509
8510
8526
8528
8541
8544
8553
8562
8571
8575
8582
8585
8586
8589
8595
8605
8614
8623
8627
8634
8640
8646
8648
8665
8668
8672
8696
8705
8718
8723
8728
8737
8741
8743
8746
8747
8754
8763
8786
8790
8796
8804
8810
8812
8813
8824
8830
8838
8848
8849
8850
8852
8866
8868
8883
8896
8899
8901
8916
8930
8935
8939
8950
8959
8973
8979
8981
8987
8994
9002
9003
9012
9016
9034
9043
9053
9076
9081
9082
9083
9084
9085
9094
9097
9102
9105
9113
9140
9156
9175
9184
9208
9210
9213
9225
9227
9235
9247
9248
9258
9263
9265
9269
9273
9307
9309
9316
9334
9339
9340
9341
9351
9359
9366
9378
9390
9426
9427
9444
9445
9452
9453
9458
9459
9463
9466
9471
9475
9476
9479
9490
9506
9511
9517
9518
9543
9555
9556
9559
9570
9587
9594
9601
9606
9612
9626
9635
9639
9643
9646
9647
9659
9666
9679
9685
9689
9692
9695
9712
9718
9729
9735
9761
9762
9767
9771
9777
9780
9786
9791
9800
9801
9803
9813
9816
9817
9825
9827
9831
9834
9841
9858
9859
9865
9872
9884
9886
9895
9904
9931
9947
9954
9967
9976
9977
9984
